              precision    recall  f1-score   support

           0     0.9571    0.9796    0.9682       980
           1     0.9637    0.9824    0.9729      1135
           2     0.9204    0.9070    0.9136      1032
           3     0.9097    0.9079    0.9088      1010
           4     0.9344    0.9277    0.9310       982
           5     0.9151    0.8700    0.8920       892
           6     0.9356    0.9562    0.9458       958
           7     0.9374    0.9173    0.9272      1028
           8     0.8876    0.8922    0.8899       974
           9     0.8998    0.9167    0.9082      1009

    accuracy                         0.9268     10000
   macro avg     0.9261    0.9257    0.9258     10000
weighted avg     0.9267    0.9268    0.9266     10000
